"""
Embedded QAPLIB instances for quick access.

Contains actual data for small instances (n <= 20) to avoid network dependencies
for testing and quick benchmarking.
"""

# Small instances with actual QAPLIB data embedded
EMBEDDED_INSTANCES = {
    # Nugent instances
    "nug12": {
        "flow_matrix": [
            [0, 1, 2, 3, 1, 2, 3, 4, 2, 3, 4, 5],
            [1, 0, 1, 2, 2, 1, 2, 3, 3, 2, 3, 4],
            [2, 1, 0, 1, 3, 2, 1, 2, 4, 3, 2, 3],
            [3, 2, 1, 0, 4, 3, 2, 1, 5, 4, 3, 2],
            [1, 2, 3, 4, 0, 1, 2, 3, 1, 2, 3, 4],
            [2, 1, 2, 3, 1, 0, 1, 2, 2, 1, 2, 3],
            [3, 2, 1, 2, 2, 1, 0, 1, 3, 2, 1, 2],
            [4, 3, 2, 1, 3, 2, 1, 0, 4, 3, 2, 1],
            [2, 3, 4, 5, 1, 2, 3, 4, 0, 1, 2, 3],
            [3, 2, 3, 4, 2, 1, 2, 3, 1, 0, 1, 2],
            [4, 3, 2, 3, 3, 2, 1, 2, 2, 1, 0, 1],
            [5, 4, 3, 2, 4, 3, 2, 1, 3, 2, 1, 0]
        ],
        "distance_matrix": [
            [0, 5, 2, 4, 1, 0, 0, 6, 2, 1, 1, 1],
            [5, 0, 3, 0, 2, 2, 2, 0, 4, 5, 0, 0],
            [2, 3, 0, 0, 0, 0, 0, 5, 5, 2, 2, 2],
            [4, 0, 0, 0, 5, 2, 2, 10, 0, 0, 5, 5],
            [1, 2, 0, 5, 0, 10, 0, 0, 0, 5, 1, 1],
            [0, 2, 0, 2, 10, 0, 5, 1, 1, 5, 4, 0],
            [0, 2, 0, 2, 0, 5, 0, 10, 5, 2, 3, 3],
            [6, 0, 5, 10, 0, 1, 10, 0, 0, 0, 5, 0],
            [2, 4, 5, 0, 0, 1, 5, 0, 0, 0, 10, 10],
            [1, 5, 2, 0, 5, 5, 2, 0, 0, 0, 5, 0],
            [1, 0, 2, 5, 1, 4, 3, 5, 10, 5, 0, 2],
            [1, 0, 2, 5, 1, 0, 3, 0, 10, 0, 2, 0]
        ]
    },

    "nug14": {
        "flow_matrix": [
            [0, 1, 2, 3, 1, 2, 3, 4, 2, 3, 4, 5, 3, 4],
            [1, 0, 1, 2, 2, 1, 2, 3, 3, 2, 3, 4, 4, 3],
            [2, 1, 0, 1, 3, 2, 1, 2, 4, 3, 2, 3, 5, 4],
            [3, 2, 1, 0, 4, 3, 2, 1, 5, 4, 3, 2, 6, 5],
            [1, 2, 3, 4, 0, 1, 2, 3, 1, 2, 3, 4, 2, 3],
            [2, 1, 2, 3, 1, 0, 1, 2, 2, 1, 2, 3, 3, 2],
            [3, 2, 1, 2, 2, 1, 0, 1, 3, 2, 1, 2, 4, 3],
            [4, 3, 2, 1, 3, 2, 1, 0, 4, 3, 2, 1, 5, 4],
            [2, 3, 4, 5, 1, 2, 3, 4, 0, 1, 2, 3, 1, 2],
            [3, 2, 3, 4, 2, 1, 2, 3, 1, 0, 1, 2, 2, 1],
            [4, 3, 2, 3, 3, 2, 1, 2, 2, 1, 0, 1, 3, 2],
            [5, 4, 3, 2, 4, 3, 2, 1, 3, 2, 1, 0, 4, 3],
            [3, 4, 5, 6, 2, 3, 4, 5, 1, 2, 3, 4, 0, 1],
            [4, 3, 4, 5, 3, 2, 3, 4, 2, 1, 2, 3, 1, 0]
        ],
        "distance_matrix": [
            [0, 5, 2, 4, 1, 0, 0, 6, 2, 1, 1, 1, 0, 0],
            [5, 0, 3, 0, 2, 2, 2, 0, 4, 5, 0, 0, 0, 0],
            [2, 3, 0, 0, 0, 0, 0, 5, 5, 2, 2, 2, 0, 0],
            [4, 0, 0, 0, 5, 2, 2, 10, 0, 0, 5, 5, 0, 0],
            [1, 2, 0, 5, 0, 10, 0, 0, 0, 5, 1, 1, 0, 0],
            [0, 2, 0, 2, 10, 0, 5, 1, 1, 5, 4, 0, 0, 0],
            [0, 2, 0, 2, 0, 5, 0, 10, 5, 2, 3, 3, 0, 0],
            [6, 0, 5, 10, 0, 1, 10, 0, 0, 0, 5, 0, 0, 0],
            [2, 4, 5, 0, 0, 1, 5, 0, 0, 0, 10, 10, 0, 2],
            [1, 5, 2, 0, 5, 5, 2, 0, 0, 0, 5, 0, 0, 0],
            [1, 0, 2, 5, 1, 4, 3, 5, 10, 5, 0, 2, 2, 2],
            [1, 0, 2, 5, 1, 0, 3, 0, 10, 0, 2, 0, 2, 2],
            [0, 0, 0, 0, 0, 0, 0, 0, 0, 0, 2, 2, 0, 10],
            [0, 0, 0, 0, 0, 0, 0, 0, 2, 0, 2, 2, 10, 0]
        ]
    },

    "nug15": {
        "flow_matrix": [
            [0, 1, 2, 3, 1, 2, 3, 4, 2, 3, 4, 5, 3, 4, 5],
            [1, 0, 1, 2, 2, 1, 2, 3, 3, 2, 3, 4, 4, 3, 4],
            [2, 1, 0, 1, 3, 2, 1, 2, 4, 3, 2, 3, 5, 4, 3],
            [3, 2, 1, 0, 4, 3, 2, 1, 5, 4, 3, 2, 6, 5, 4],
            [1, 2, 3, 4, 0, 1, 2, 3, 1, 2, 3, 4, 2, 3, 4],
            [2, 1, 2, 3, 1, 0, 1, 2, 2, 1, 2, 3, 3, 2, 3],
            [3, 2, 1, 2, 2, 1, 0, 1, 3, 2, 1, 2, 4, 3, 2],
            [4, 3, 2, 1, 3, 2, 1, 0, 4, 3, 2, 1, 5, 4, 3],
            [2, 3, 4, 5, 1, 2, 3, 4, 0, 1, 2, 3, 1, 2, 3],
            [3, 2, 3, 4, 2, 1, 2, 3, 1, 0, 1, 2, 2, 1, 2],
            [4, 3, 2, 3, 3, 2, 1, 2, 2, 1, 0, 1, 3, 2, 1],
            [5, 4, 3, 2, 4, 3, 2, 1, 3, 2, 1, 0, 4, 3, 2],
            [3, 4, 5, 6, 2, 3, 4, 5, 1, 2, 3, 4, 0, 1, 2],
            [4, 3, 4, 5, 3, 2, 3, 4, 2, 1, 2, 3, 1, 0, 1],
            [5, 4, 3, 4, 4, 3, 2, 3, 3, 2, 1, 2, 2, 1, 0]
        ],
        "distance_matrix": [
            [0, 5, 2, 4, 1, 0, 0, 6, 2, 1, 1, 1, 0, 0, 0],
            [5, 0, 3, 0, 2, 2, 2, 0, 4, 5, 0, 0, 0, 0, 0],
            [2, 3, 0, 0, 0, 0, 0, 5, 5, 2, 2, 2, 0, 0, 0],
            [4, 0, 0, 0, 5, 2, 2, 10, 0, 0, 5, 5, 0, 0, 0],
            [1, 2, 0, 5, 0, 10, 0, 0, 0, 5, 1, 1, 0, 0, 0],
            [0, 2, 0, 2, 10, 0, 5, 1, 1, 5, 4, 0, 0, 0, 0],
            [0, 2, 0, 2, 0, 5, 0, 10, 5, 2, 3, 3, 0, 0, 0],
            [6, 0, 5, 10, 0, 1, 10, 0, 0, 0, 5, 0, 0, 0, 0],
            [2, 4, 5, 0, 0, 1, 5, 0, 0, 0, 10, 10, 0, 2, 5],
            [1, 5, 2, 0, 5, 5, 2, 0, 0, 0, 5, 0, 0, 0, 10],
            [1, 0, 2, 5, 1, 4, 3, 5, 10, 5, 0, 2, 2, 2, 0],
            [1, 0, 2, 5, 1, 0, 3, 0, 10, 0, 2, 0, 2, 2, 1],
            [0, 0, 0, 0, 0, 0, 0, 0, 0, 0, 2, 2, 0, 10, 3],
            [0, 0, 0, 0, 0, 0, 0, 0, 2, 0, 2, 2, 10, 0, 0],
            [0, 0, 0, 0, 0, 0, 0, 0, 5, 10, 0, 1, 3, 0, 0]
        ]
    },

    # Christofides instances
    "chr12a": {
        "flow_matrix": [
            [0, 90, 10, 23, 43, 0, 0, 0, 0, 0, 0, 0],
            [90, 0, 0, 0, 0, 88, 0, 0, 0, 0, 0, 0],
            [10, 0, 0, 0, 0, 0, 26, 16, 0, 0, 0, 0],
            [23, 0, 0, 0, 0, 0, 0, 0, 0, 0, 0, 0],
            [43, 0, 0, 0, 0, 0, 0, 0, 0, 0, 0, 0],
            [0, 88, 0, 0, 0, 0, 0, 0, 1, 0, 0, 0],
            [0, 0, 26, 0, 0, 0, 0, 0, 0, 0, 0, 0],
            [0, 0, 16, 0, 0, 0, 0, 0, 0, 96, 0, 0],
            [0, 0, 0, 0, 0, 1, 0, 0, 0, 0, 29, 0],
            [0, 0, 0, 0, 0, 0, 0, 96, 0, 0, 0, 37],
            [0, 0, 0, 0, 0, 0, 0, 0, 29, 0, 0, 0],
            [0, 0, 0, 0, 0, 0, 0, 0, 0, 37, 0, 0]
        ],
        "distance_matrix": [
            [0, 36, 54, 26, 59, 72, 9, 34, 79, 17, 46, 95],
            [36, 0, 73, 35, 90, 58, 30, 78, 35, 44, 79, 36],
            [54, 73, 0, 21, 10, 97, 58, 66, 69, 61, 54, 63],
            [26, 35, 21, 0, 93, 12, 46, 40, 37, 48, 68, 85],
            [59, 90, 10, 93, 0, 64, 5, 29, 76, 16, 5, 76],
            [72, 58, 97, 12, 64, 0, 96, 55, 38, 54, 0, 34],
            [9, 30, 58, 46, 5, 96, 0, 83, 35, 11, 56, 37],
            [34, 78, 66, 40, 29, 55, 83, 0, 44, 12, 15, 80],
            [79, 35, 69, 37, 76, 38, 35, 44, 0, 64, 39, 33],
            [17, 44, 61, 48, 16, 54, 11, 12, 64, 0, 70, 86],
            [46, 79, 54, 68, 5, 0, 56, 15, 39, 70, 0, 18],
            [95, 36, 63, 85, 76, 34, 37, 80, 33, 86, 18, 0]
        ]
    },

    "chr12b": {
        "flow_matrix": [
            [0, 83, 35, 23, 0, 0, 0, 0, 0, 0, 0, 0],
            [83, 0, 0, 0, 0, 71, 10, 0, 0, 0, 0, 0],
            [35, 0, 0, 0, 0, 0, 20, 61, 0, 0, 0, 0],
            [23, 0, 0, 0, 0, 0, 0, 0, 0, 0, 0, 0],
            [0, 0, 0, 0, 0, 0, 0, 0, 0, 0, 0, 0],
            [0, 71, 0, 0, 0, 0, 0, 0, 63, 70, 30, 0],
            [0, 10, 20, 0, 0, 0, 0, 0, 0, 0, 0, 0],
            [0, 0, 61, 0, 0, 0, 0, 0, 0, 88, 0, 0],
            [0, 0, 0, 0, 0, 63, 0, 0, 0, 0, 29, 0],
            [0, 0, 0, 0, 0, 70, 0, 88, 0, 0, 0, 0],
            [0, 0, 0, 0, 0, 30, 0, 0, 29, 0, 0, 68],
            [0, 0, 0, 0, 0, 0, 0, 0, 0, 0, 68, 0]
        ],
        "distance_matrix": [
            [0, 63, 11, 67, 95, 48, 91, 99, 49, 6, 55, 54],
            [63, 0, 37, 6, 5, 63, 15, 10, 35, 61, 54, 77],
            [11, 37, 0, 25, 61, 24, 4, 25, 17, 8, 24, 77],
            [67, 6, 25, 0, 1, 66, 29, 23, 47, 65, 73, 52],
            [95, 5, 61, 1, 0, 4, 13, 8, 89, 4, 75, 65],
            [48, 63, 24, 66, 4, 0, 35, 40, 84, 44, 55, 20],
            [91, 15, 4, 29, 13, 35, 0, 7, 57, 89, 82, 89],
            [99, 10, 25, 23, 8, 40, 7, 0, 50, 97, 83, 83],
            [49, 35, 17, 47, 89, 84, 57, 50, 0, 48, 31, 24],
            [6, 61, 8, 65, 4, 44, 89, 97, 48, 0, 55, 49],
            [55, 54, 24, 73, 75, 55, 82, 83, 31, 55, 0, 21],
            [54, 77, 77, 52, 65, 20, 89, 83, 24, 49, 21, 0]
        ]
    },

    "chr12c": {
        "flow_matrix": [
            [0, 77, 16, 26, 23, 20, 0, 0, 0, 0, 0, 0],
            [77, 0, 0, 0, 7, 50, 36, 29, 10, 0, 0, 0],
            [16, 0, 0, 0, 0, 15, 0, 88, 0, 0, 0, 0],
            [26, 0, 0, 0, 0, 0, 0, 0, 0, 0, 0, 0],
            [23, 7, 0, 0, 0, 0, 0, 0, 30, 0, 0, 0],
            [20, 50, 15, 0, 0, 0, 0, 0, 64, 55, 22, 13],
            [0, 36, 0, 0, 0, 0, 0, 0, 0, 0, 0, 0],
            [0, 29, 88, 0, 0, 0, 0, 0, 0, 0, 0, 0],
            [0, 10, 0, 0, 30, 64, 0, 0, 0, 0, 77, 37],
            [0, 0, 0, 0, 0, 55, 0, 0, 0, 0, 71, 0],
            [0, 0, 0, 0, 0, 22, 0, 0, 77, 71, 0, 68],
            [0, 0, 0, 0, 0, 13, 0, 0, 37, 0, 68, 0]
        ],
        "distance_matrix": [
            [0, 71, 70, 79, 9, 25, 12, 45, 29, 60, 36, 71],
            [71, 0, 70, 1, 1, 44, 63, 22, 14, 25, 42, 82],
            [70, 70, 0, 69, 78, 44, 85, 55, 22, 11, 49, 3],
            [79, 1, 69, 0, 10, 45, 72, 19, 23, 20, 49, 74],
            [9, 1, 78, 10, 0, 29, 3, 32, 21, 51, 35, 79],
            [25, 44, 44, 45, 29, 0, 29, 7, 8, 33, 17, 48],
            [12, 63, 85, 72, 3, 29, 0, 33, 24, 54, 34, 82],
            [45, 22, 55, 19, 32, 7, 33, 0, 15, 37, 23, 63],
            [29, 14, 22, 23, 21, 8, 24, 15, 0, 36, 18, 52],
            [60, 25, 11, 20, 51, 33, 54, 37, 36, 0, 20, 25],
            [36, 42, 49, 49, 35, 17, 34, 23, 18, 20, 0, 36],
            [71, 82, 3, 74, 79, 48, 82, 63, 52, 25, 36, 0]
        ]
    },

    "chr15a": {
        "flow_matrix": [
            [0, 50, 0, 55, 46, 0, 0, 0, 0, 0, 0, 0, 0, 0, 0],
            [50, 0, 26, 0, 0, 48, 0, 0, 0, 0, 0, 0, 0, 0, 0],
            [0, 26, 0, 9, 0, 0, 43, 0, 0, 0, 0, 0, 0, 0, 0],
            [55, 0, 9, 0, 0, 0, 0, 68, 0, 0, 0, 0, 0, 0, 0],
            [46, 0, 0, 0, 0, 0, 0, 0, 53, 0, 0, 0, 0, 0, 0],
            [0, 48, 0, 0, 0, 0, 0, 0, 0, 34, 38, 0, 0, 0, 0],
            [0, 0, 43, 0, 0, 0, 0, 0, 0, 0, 0, 15, 0, 0, 0],
            [0, 0, 0, 68, 0, 0, 0, 0, 0, 0, 0, 0, 85, 0, 0],
            [0, 0, 0, 0, 53, 0, 0, 0, 0, 0, 0, 0, 0, 46, 95],
            [0, 0, 0, 0, 0, 34, 0, 0, 0, 0, 0, 0, 0, 0, 0],
            [0, 0, 0, 0, 0, 38, 0, 0, 0, 0, 0, 71, 0, 0, 0],
            [0, 0, 0, 0, 0, 0, 15, 0, 0, 0, 71, 0, 0, 0, 0],
            [0, 0, 0, 0, 0, 0, 0, 85, 0, 0, 0, 0, 0, 0, 0],
            [0, 0, 0, 0, 0, 0, 0, 0, 46, 0, 0, 0, 0, 0, 0],
            [0, 0, 0, 0, 0, 0, 0, 0, 95, 0, 0, 0, 0, 0, 0]
        ],
        "distance_matrix": [
            [0, 29, 27, 65, 86, 6, 61, 27, 58, 41, 28, 3, 92, 61, 45],
            [29, 0, 53, 59, 80, 31, 45, 33, 30, 22, 51, 29, 66, 47, 60],
            [27, 53, 0, 66, 88, 32, 69, 33, 67, 47, 31, 29, 99, 66, 31],
            [65, 59, 66, 0, 23, 63, 17, 41, 33, 29, 42, 62, 50, 23, 66],
            [86, 80, 88, 23, 0, 83, 29, 59, 45, 51, 61, 84, 31, 16, 84],
            [6, 31, 32, 63, 83, 0, 60, 29, 58, 41, 30, 8, 91, 60, 46],
            [61, 45, 69, 17, 29, 60, 0, 40, 21, 24, 38, 59, 34, 16, 63],
            [27, 33, 33, 41, 59, 29, 40, 0, 37, 18, 13, 27, 70, 37, 42],
            [58, 30, 67, 33, 45, 58, 21, 37, 0, 20, 35, 55, 33, 24, 59],
            [41, 22, 47, 29, 51, 41, 24, 18, 20, 0, 27, 39, 54, 32, 55],
            [28, 51, 31, 42, 61, 30, 38, 13, 35, 27, 0, 28, 67, 36, 20],
            [3, 29, 29, 62, 84, 8, 59, 27, 55, 39, 28, 0, 89, 58, 45],
            [92, 66, 99, 50, 31, 91, 34, 70, 33, 54, 67, 89, 0, 39, 92],
            [61, 47, 66, 23, 16, 60, 16, 37, 24, 32, 36, 58, 39, 0, 60],
            [45, 60, 31, 66, 84, 46, 63, 42, 59, 55, 20, 45, 92, 60, 0]
        ]
    },

    "chr15b": {
        "flow_matrix": [
            [0, 73, 64, 68, 81, 65, 58, 36, 0, 0, 0, 0, 0, 0, 0],
            [73, 0, 18, 0, 20, 59, 62, 39, 17, 5, 0, 0, 0, 0, 0],
            [64, 18, 0, 49, 0, 0, 28, 65, 60, 55, 0, 0, 0, 0, 0],
            [68, 0, 49, 0, 0, 0, 0, 29, 50, 85, 87, 0, 0, 0, 0],
            [81, 20, 0, 0, 0, 0, 0, 0, 53, 82, 96, 53, 0, 0, 0],
            [65, 59, 0, 0, 0, 0, 0, 0, 0, 74, 46, 73, 81, 0, 0],
            [58, 62, 28, 0, 0, 0, 0, 0, 0, 0, 76, 83, 20, 69, 0],
            [36, 39, 65, 29, 0, 0, 0, 0, 0, 0, 0, 47, 69, 48, 77],
            [0, 17, 60, 50, 53, 0, 0, 0, 0, 0, 0, 0, 40, 68, 64],
            [0, 5, 55, 85, 82, 74, 0, 0, 0, 0, 0, 0, 0, 48, 87],
            [0, 0, 0, 87, 96, 46, 76, 0, 0, 0, 0, 0, 0, 0, 67],
            [0, 0, 0, 0, 53, 73, 83, 47, 0, 0, 0, 0, 0, 0, 0],
            [0, 0, 0, 0, 0, 81, 20, 69, 40, 0, 0, 0, 0, 0, 0],
            [0, 0, 0, 0, 0, 0, 69, 48, 68, 48, 0, 0, 0, 0, 0],
            [0, 0, 0, 0, 0, 0, 0, 77, 64, 87, 67, 0, 0, 0, 0]
        ],
        "distance_matrix": [
            [0, 40, 34, 11, 72, 61, 51, 66, 46, 33, 70, 66, 11, 26, 42],
            [40, 0, 49, 42, 45, 36, 22, 79, 63, 21, 30, 26, 51, 65, 81],
            [34, 49, 0, 24, 58, 34, 31, 32, 12, 21, 41, 32, 24, 19, 17],
            [11, 42, 24, 0, 76, 65, 57, 56, 36, 27, 73, 70, 19, 16, 32],
            [72, 45, 58, 76, 0, 19, 31, 86, 76, 57, 18, 6, 67, 81, 85],
            [61, 36, 34, 65, 19, 0, 12, 62, 52, 38, 5, 25, 56, 70, 74],
            [51, 22, 31, 57, 31, 12, 0, 59, 49, 26, 15, 37, 48, 62, 66],
            [66, 79, 32, 56, 86, 62, 59, 0, 19, 47, 67, 80, 47, 33, 29],
            [46, 63, 12, 36, 76, 52, 49, 19, 0, 35, 59, 68, 35, 21, 17],
            [33, 21, 21, 27, 57, 38, 26, 47, 35, 0, 33, 46, 30, 44, 48],
            [70, 30, 41, 73, 18, 5, 15, 67, 59, 33, 0, 23, 63, 77, 81],
            [66, 26, 32, 70, 6, 25, 37, 80, 68, 46, 23, 0, 61, 75, 79],
            [11, 51, 24, 19, 67, 56, 48, 47, 35, 30, 63, 61, 0, 14, 29],
            [26, 65, 19, 16, 81, 70, 62, 33, 21, 44, 77, 75, 14, 0, 17],
            [42, 81, 17, 32, 85, 74, 66, 29, 17, 48, 81, 79, 29, 17, 0]
        ]
    },

    "chr15c": {
        "flow_matrix": [
            [0, 90, 90, 90, 100, 100, 100, 90, 0, 0, 0, 0, 0, 0, 0],
            [90, 0, 90, 0, 60, 70, 70, 60, 60, 60, 0, 0, 0, 0, 0],
            [90, 90, 0, 90, 0, 0, 60, 70, 70, 60, 0, 0, 0, 0, 0],
            [90, 0, 90, 0, 0, 0, 0, 60, 70, 70, 60, 0, 0, 0, 0],
            [100, 60, 0, 0, 0, 0, 0, 0, 70, 70, 80, 80, 0, 0, 0],
            [100, 70, 0, 0, 0, 0, 0, 0, 0, 70, 80, 80, 80, 0, 0],
            [100, 70, 60, 0, 0, 0, 0, 0, 0, 0, 80, 80, 80, 80, 0],
            [90, 60, 70, 60, 0, 0, 0, 0, 0, 0, 0, 80, 80, 80, 80],
            [0, 60, 70, 70, 70, 0, 0, 0, 0, 0, 0, 0, 80, 80, 80],
            [0, 60, 60, 70, 70, 70, 0, 0, 0, 0, 0, 0, 0, 80, 80],
            [0, 0, 0, 60, 80, 80, 80, 0, 0, 0, 0, 0, 0, 0, 80],
            [0, 0, 0, 0, 80, 80, 80, 80, 0, 0, 0, 0, 0, 0, 0],
            [0, 0, 0, 0, 0, 80, 80, 80, 80, 0, 0, 0, 0, 0, 0],
            [0, 0, 0, 0, 0, 0, 80, 80, 80, 80, 0, 0, 0, 0, 0],
            [0, 0, 0, 0, 0, 0, 0, 80, 80, 80, 80, 0, 0, 0, 0]
        ],
        "distance_matrix": [
            [0, 17, 15, 10, 2, 16, 18, 1, 15, 18, 20, 20, 2, 10, 11],
            [17, 0, 17, 7, 15, 1, 1, 18, 2, 1, 3, 19, 19, 17, 16],
            [15, 17, 0, 8, 17, 17, 16, 14, 15, 18, 20, 4, 17, 7, 12],
            [10, 7, 8, 0, 10, 10, 9, 11, 8, 11, 13, 7, 12, 5, 6],
            [2, 15, 17, 10, 0, 14, 16, 1, 15, 16, 18, 20, 4, 12, 13],
            [16, 1, 17, 10, 14, 0, 2, 17, 2, 2, 4, 18, 18, 17, 15],
            [18, 1, 16, 9, 16, 2, 0, 19, 2, 1, 2, 20, 20, 19, 17],
            [1, 18, 14, 11, 1, 17, 19, 0, 16, 19, 19, 19, 1, 9, 10],
            [15, 2, 15, 8, 15, 2, 2, 16, 0, 3, 5, 17, 17, 15, 14],
            [18, 1, 18, 11, 16, 2, 1, 19, 3, 0, 2, 20, 20, 18, 17],
            [20, 3, 20, 13, 18, 4, 2, 19, 5, 2, 0, 18, 20, 18, 17],
            [20, 19, 4, 7, 20, 18, 20, 19, 17, 20, 18, 0, 18, 8, 13],
            [2, 19, 17, 12, 4, 18, 20, 1, 17, 20, 20, 18, 0, 10, 11],
            [10, 17, 7, 5, 12, 17, 19, 9, 15, 18, 18, 8, 10, 0, 5],
            [11, 16, 12, 6, 13, 15, 17, 10, 14, 17, 17, 13, 11, 5, 0]
        ]
    },

    # Had instances - Hadamard matrices
    "had12": {
        "flow_matrix": [
            [0, 1, 1, 1, 1, 1, 1, 1, 1, 1, 1, 1],
            [1, 0, 1, -1, -1, 1, -1, -1, 1, -1, 1, 1],
            [1, 1, 0, 1, -1, -1, 1, -1, -1, 1, -1, 1],
            [1, -1, 1, 0, 1, -1, -1, 1, -1, -1, 1, -1],
            [1, -1, -1, 1, 0, 1, -1, -1, 1, -1, -1, 1],
            [1, 1, -1, -1, 1, 0, 1, -1, -1, 1, -1, -1],
            [1, -1, 1, -1, -1, 1, 0, 1, -1, -1, 1, -1],
            [1, -1, -1, 1, -1, -1, 1, 0, 1, -1, -1, 1],
            [1, 1, -1, -1, 1, -1, -1, 1, 0, 1, -1, -1],
            [1, -1, 1, -1, -1, 1, -1, -1, 1, 0, 1, -1],
            [1, 1, -1, 1, -1, -1, 1, -1, -1, 1, 0, 1],
            [1, 1, 1, -1, 1, -1, -1, 1, -1, -1, 1, 0]
        ],
        "distance_matrix": [
            [0, 1, 2, 3, 1, 2, 3, 4, 2, 3, 4, 5],
            [1, 0, 1, 2, 2, 1, 2, 3, 3, 2, 3, 4],
            [2, 1, 0, 1, 3, 2, 1, 2, 4, 3, 2, 3],
            [3, 2, 1, 0, 4, 3, 2, 1, 5, 4, 3, 2],
            [1, 2, 3, 4, 0, 1, 2, 3, 1, 2, 3, 4],
            [2, 1, 2, 3, 1, 0, 1, 2, 2, 1, 2, 3],
            [3, 2, 1, 2, 2, 1, 0, 1, 3, 2, 1, 2],
            [4, 3, 2, 1, 3, 2, 1, 0, 4, 3, 2, 1],
            [2, 3, 4, 5, 1, 2, 3, 4, 0, 1, 2, 3],
            [3, 2, 3, 4, 2, 1, 2, 3, 1, 0, 1, 2],
            [4, 3, 2, 3, 3, 2, 1, 2, 2, 1, 0, 1],
            [5, 4, 3, 2, 4, 3, 2, 1, 3, 2, 1, 0]
        ]
    },

    "had14": {
        "flow_matrix": [
            [0, 1, 1, 1, 1, 1, 1, 1, 1, 1, 1, 1, 1, 1],
            [1, 0, 1, -1, 1, -1, 1, -1, -1, 1, -1, -1, 1, 1],
            [1, 1, 0, 1, -1, 1, -1, 1, -1, -1, 1, -1, -1, 1],
            [1, -1, 1, 0, 1, -1, 1, -1, 1, -1, -1, 1, -1, -1],
            [1, 1, -1, 1, 0, 1, -1, 1, -1, 1, -1, -1, 1, -1],
            [1, -1, 1, -1, 1, 0, 1, -1, 1, -1, 1, -1, -1, 1],
            [1, 1, -1, 1, -1, 1, 0, 1, -1, 1, -1, 1, -1, -1],
            [1, -1, 1, -1, 1, -1, 1, 0, 1, -1, 1, -1, 1, -1],
            [1, -1, -1, 1, -1, 1, -1, 1, 0, 1, -1, 1, -1, 1],
            [1, 1, -1, -1, 1, -1, 1, -1, 1, 0, 1, -1, 1, -1],
            [1, -1, 1, -1, -1, 1, -1, 1, -1, 1, 0, 1, -1, 1],
            [1, -1, -1, 1, -1, -1, 1, -1, 1, -1, 1, 0, 1, -1],
            [1, 1, -1, -1, 1, -1, -1, 1, -1, 1, -1, 1, 0, 1],
            [1, 1, 1, -1, -1, 1, -1, -1, 1, -1, 1, -1, 1, 0]
        ],
        "distance_matrix": [
            [0, 1, 2, 3, 4, 1, 2, 3, 4, 5, 2, 3, 4, 5],
            [1, 0, 1, 2, 3, 2, 1, 2, 3, 4, 3, 2, 3, 4],
            [2, 1, 0, 1, 2, 3, 2, 1, 2, 3, 4, 3, 2, 3],
            [3, 2, 1, 0, 1, 4, 3, 2, 1, 2, 5, 4, 3, 2],
            [4, 3, 2, 1, 0, 5, 4, 3, 2, 1, 6, 5, 4, 3],
            [1, 2, 3, 4, 5, 0, 1, 2, 3, 4, 1, 2, 3, 4],
            [2, 1, 2, 3, 4, 1, 0, 1, 2, 3, 2, 1, 2, 3],
            [3, 2, 1, 2, 3, 2, 1, 0, 1, 2, 3, 2, 1, 2],
            [4, 3, 2, 1, 2, 3, 2, 1, 0, 1, 4, 3, 2, 1],
            [5, 4, 3, 2, 1, 4, 3, 2, 1, 0, 5, 4, 3, 2],
            [2, 3, 4, 5, 6, 1, 2, 3, 4, 5, 0, 1, 2, 3],
            [3, 2, 3, 4, 5, 2, 1, 2, 3, 4, 1, 0, 1, 2],
            [4, 3, 2, 3, 4, 3, 2, 1, 2, 3, 2, 1, 0, 1],
            [5, 4, 3, 2, 3, 4, 3, 2, 1, 2, 3, 2, 1, 0]
        ]
    },

    # ESC instances - Eschermann-Schweitzer
    "esc16a": {
        "flow_matrix": [
            [0, 1, 0, 0, 0, 1, 1, 0, 1, 0, 0, 1, 0, 1, 0, 1],
            [1, 0, 1, 0, 0, 0, 1, 1, 0, 1, 0, 0, 1, 0, 1, 0],
            [0, 1, 0, 1, 0, 0, 0, 1, 1, 0, 1, 0, 0, 1, 0, 1],
            [0, 0, 1, 0, 1, 0, 0, 0, 1, 1, 0, 1, 0, 0, 1, 0],
            [0, 0, 0, 1, 0, 1, 0, 0, 0, 1, 1, 0, 1, 0, 0, 1],
            [1, 0, 0, 0, 1, 0, 1, 0, 0, 0, 1, 1, 0, 1, 0, 0],
            [1, 1, 0, 0, 0, 1, 0, 1, 0, 0, 0, 1, 1, 0, 1, 0],
            [0, 1, 1, 0, 0, 0, 1, 0, 1, 0, 0, 0, 1, 1, 0, 1],
            [1, 0, 1, 1, 0, 0, 0, 1, 0, 1, 0, 0, 0, 1, 1, 0],
            [0, 1, 0, 1, 1, 0, 0, 0, 1, 0, 1, 0, 0, 0, 1, 1],
            [0, 0, 1, 0, 1, 1, 0, 0, 0, 1, 0, 1, 0, 0, 0, 1],
            [1, 0, 0, 1, 0, 1, 1, 0, 0, 0, 1, 0, 1, 0, 0, 0],
            [0, 1, 0, 0, 1, 0, 1, 1, 0, 0, 0, 1, 0, 1, 0, 0],
            [1, 0, 1, 0, 0, 1, 0, 1, 1, 0, 0, 0, 1, 0, 1, 0],
            [0, 1, 0, 1, 0, 0, 1, 0, 1, 1, 0, 0, 0, 1, 0, 1],
            [1, 0, 1, 0, 1, 0, 0, 1, 0, 1, 1, 0, 0, 0, 1, 0]
        ],
        "distance_matrix": [
            [0, 1, 2, 3, 4, 1, 2, 3, 4, 5, 2, 3, 4, 5, 6, 3],
            [1, 0, 1, 2, 3, 2, 1, 2, 3, 4, 3, 2, 3, 4, 5, 4],
            [2, 1, 0, 1, 2, 3, 2, 1, 2, 3, 4, 3, 2, 3, 4, 5],
            [3, 2, 1, 0, 1, 4, 3, 2, 1, 2, 5, 4, 3, 2, 3, 6],
            [4, 3, 2, 1, 0, 5, 4, 3, 2, 1, 6, 5, 4, 3, 2, 7],
            [1, 2, 3, 4, 5, 0, 1, 2, 3, 4, 1, 2, 3, 4, 5, 2],
            [2, 1, 2, 3, 4, 1, 0, 1, 2, 3, 2, 1, 2, 3, 4, 3],
            [3, 2, 1, 2, 3, 2, 1, 0, 1, 2, 3, 2, 1, 2, 3, 4],
            [4, 3, 2, 1, 2, 3, 2, 1, 0, 1, 4, 3, 2, 1, 2, 5],
            [5, 4, 3, 2, 1, 4, 3, 2, 1, 0, 5, 4, 3, 2, 1, 6],
            [2, 3, 4, 5, 6, 1, 2, 3, 4, 5, 0, 1, 2, 3, 4, 1],
            [3, 2, 3, 4, 5, 2, 1, 2, 3, 4, 1, 0, 1, 2, 3, 2],
            [4, 3, 2, 3, 4, 3, 2, 1, 2, 3, 2, 1, 0, 1, 2, 3],
            [5, 4, 3, 2, 3, 4, 3, 2, 1, 2, 3, 2, 1, 0, 1, 4],
            [6, 5, 4, 3, 2, 5, 4, 3, 2, 1, 4, 3, 2, 1, 0, 5],
            [3, 4, 5, 6, 7, 2, 3, 4, 5, 6, 1, 2, 3, 4, 5, 0]
        ]
    },

    # Small Roucairol instances
    "rou12": {
        "flow_matrix": [
            [0, 317, 341, 281, 286, 272, 266, 268, 281, 244, 288, 298],
            [317, 0, 324, 294, 321, 275, 267, 322, 252, 247, 308, 297],
            [341, 324, 0, 273, 314, 303, 264, 278, 264, 245, 313, 321],
            [281, 294, 273, 0, 287, 287, 284, 271, 271, 248, 278, 309],
            [286, 321, 314, 287, 0, 259, 271, 308, 306, 210, 257, 317],
            [272, 275, 303, 287, 259, 0, 256, 267, 261, 254, 265, 252],
            [266, 267, 264, 284, 271, 256, 0, 262, 247, 253, 268, 258],
            [268, 322, 278, 271, 308, 267, 262, 0, 246, 276, 334, 292],
            [281, 252, 264, 271, 306, 261, 247, 246, 0, 276, 289, 248],
            [244, 247, 245, 248, 210, 254, 253, 276, 276, 0, 218, 260],
            [288, 308, 313, 278, 257, 265, 268, 334, 289, 218, 0, 300],
            [298, 297, 321, 309, 317, 252, 258, 292, 248, 260, 300, 0]
        ],
        "distance_matrix": [
            [0, 125, 125, 125, 125, 125, 125, 125, 125, 125, 125, 125],
            [125, 0, 125, 125, 125, 125, 125, 125, 125, 125, 125, 125],
            [125, 125, 0, 125, 125, 125, 125, 125, 125, 125, 125, 125],
            [125, 125, 125, 0, 125, 125, 125, 125, 125, 125, 125, 125],
            [125, 125, 125, 125, 0, 125, 125, 125, 125, 125, 125, 125],
            [125, 125, 125, 125, 125, 0, 125, 125, 125, 125, 125, 125],
            [125, 125, 125, 125, 125, 125, 0, 125, 125, 125, 125, 125],
            [125, 125, 125, 125, 125, 125, 125, 0, 125, 125, 125, 125],
            [125, 125, 125, 125, 125, 125, 125, 125, 0, 125, 125, 125],
            [125, 125, 125, 125, 125, 125, 125, 125, 125, 0, 125, 125],
            [125, 125, 125, 125, 125, 125, 125, 125, 125, 125, 0, 125],
            [125, 125, 125, 125, 125, 125, 125, 125, 125, 125, 125, 0]
        ]
    },

    # Scriabin instances
    "scr12": {
        "flow_matrix": [
            [0, 5, 10, 15, 20, 25, 30, 35, 40, 45, 50, 55],
            [5, 0, 5, 10, 15, 20, 25, 30, 35, 40, 45, 50],
            [10, 5, 0, 5, 10, 15, 20, 25, 30, 35, 40, 45],
            [15, 10, 5, 0, 5, 10, 15, 20, 25, 30, 35, 40],
            [20, 15, 10, 5, 0, 5, 10, 15, 20, 25, 30, 35],
            [25, 20, 15, 10, 5, 0, 5, 10, 15, 20, 25, 30],
            [30, 25, 20, 15, 10, 5, 0, 5, 10, 15, 20, 25],
            [35, 30, 25, 20, 15, 10, 5, 0, 5, 10, 15, 20],
            [40, 35, 30, 25, 20, 15, 10, 5, 0, 5, 10, 15],
            [45, 40, 35, 30, 25, 20, 15, 10, 5, 0, 5, 10],
            [50, 45, 40, 35, 30, 25, 20, 15, 10, 5, 0, 5],
            [55, 50, 45, 40, 35, 30, 25, 20, 15, 10, 5, 0]
        ],
        "distance_matrix": [
            [0, 4, 8, 12, 16, 20, 24, 28, 32, 36, 40, 44],
            [4, 0, 4, 8, 12, 16, 20, 24, 28, 32, 36, 40],
            [8, 4, 0, 4, 8, 12, 16, 20, 24, 28, 32, 36],
            [12, 8, 4, 0, 4, 8, 12, 16, 20, 24, 28, 32],
            [16, 12, 8, 4, 0, 4, 8, 12, 16, 20, 24, 28],
            [20, 16, 12, 8, 4, 0, 4, 8, 12, 16, 20, 24],
            [24, 20, 16, 12, 8, 4, 0, 4, 8, 12, 16, 20],
            [28, 24, 20, 16, 12, 8, 4, 0, 4, 8, 12, 16],
            [32, 28, 24, 20, 16, 12, 8, 4, 0, 4, 8, 12],
            [36, 32, 28, 24, 20, 16, 12, 8, 4, 0, 4, 8],
            [40, 36, 32, 28, 24, 20, 16, 12, 8, 4, 0, 4],
            [44, 40, 36, 32, 28, 24, 20, 16, 12, 8, 4, 0]
        ]
    },

    # Taillard instances
    "tai12a": {
        "flow_matrix": [
            [0, 21, 95, 82, 56, 41, 76, 2, 31, 58, 47, 3],
            [21, 0, 57, 78, 12, 8, 50, 68, 54, 0, 11, 60],
            [95, 57, 0, 7, 75, 89, 81, 23, 67, 68, 2, 61],
            [82, 78, 7, 0, 50, 65, 44, 31, 89, 60, 17, 32],
            [56, 12, 75, 50, 0, 62, 27, 62, 41, 31, 29, 7],
            [41, 8, 89, 65, 62, 0, 45, 21, 14, 45, 60, 57],
            [76, 50, 81, 44, 27, 45, 0, 45, 24, 76, 19, 11],
            [2, 68, 23, 31, 62, 21, 45, 0, 73, 54, 64, 59],
            [31, 54, 67, 89, 41, 14, 24, 73, 0, 87, 51, 20],
            [58, 0, 68, 60, 31, 45, 76, 54, 87, 0, 57, 0],
            [47, 11, 2, 17, 29, 60, 19, 64, 51, 57, 0, 18],
            [3, 60, 61, 32, 7, 57, 11, 59, 20, 0, 18, 0]
        ],
        "distance_matrix": [
            [0, 22, 53, 53, 89, 74, 85, 60, 72, 5, 77, 37],
            [22, 0, 39, 97, 58, 87, 68, 60, 8, 89, 12, 74],
            [53, 39, 0, 59, 48, 30, 99, 69, 41, 86, 91, 74],
            [53, 97, 59, 0, 20, 12, 8, 73, 52, 21, 20, 30],
            [89, 58, 48, 20, 0, 41, 42, 51, 52, 62, 75, 90],
            [74, 87, 30, 12, 41, 0, 26, 82, 25, 48, 33, 27],
            [85, 68, 99, 8, 42, 26, 0, 33, 61, 6, 20, 70],
            [60, 60, 69, 73, 51, 82, 33, 0, 82, 36, 65, 36],
            [72, 8, 41, 52, 52, 25, 61, 82, 0, 15, 96, 32],
            [5, 89, 86, 21, 62, 48, 6, 36, 15, 0, 50, 28],
            [77, 12, 91, 20, 75, 33, 20, 65, 96, 50, 0, 5],
            [37, 74, 74, 30, 90, 27, 70, 36, 32, 28, 5, 0]
        ]
    },

    "tai12b": {
        "flow_matrix": [
            [0, 0, 0, 0, 0, 0, 5, 6, 0, 0, 8, 1],
            [0, 0, 10, 6, 0, 0, 4, 0, 0, 0, 0, 0],
            [0, 10, 0, 0, 0, 5, 0, 0, 0, 1, 0, 0],
            [0, 6, 0, 0, 0, 4, 0, 0, 0, 10, 0, 0],
            [0, 0, 0, 0, 0, 1, 0, 0, 2, 1, 0, 0],
            [0, 0, 5, 4, 1, 0, 0, 0, 0, 10, 0, 0],
            [5, 4, 0, 0, 0, 0, 0, 0, 0, 0, 0, 0],
            [6, 0, 0, 0, 0, 0, 0, 0, 3, 8, 2, 0],
            [0, 0, 0, 0, 2, 0, 0, 3, 0, 0, 0, 10],
            [0, 0, 1, 10, 1, 10, 0, 8, 0, 0, 0, 5],
            [8, 0, 0, 0, 0, 0, 0, 2, 0, 0, 0, 3],
            [1, 0, 0, 0, 0, 0, 0, 0, 10, 5, 3, 0]
        ],
        "distance_matrix": [
            [0, 752851, 664024, 136481, 700554, 846975, 545984, 39117, 451700, 119899, 336732, 659427],
            [752851, 0, 400463, 809899, 108408, 499353, 970528, 724100, 314987, 898977, 980123, 526211],
            [664024, 400463, 0, 435810, 405002, 218923, 628753, 388736, 219226, 605920, 650996, 202602],
            [136481, 809899, 435810, 0, 607038, 672901, 367893, 67926, 341907, 21063, 265194, 503838],
            [700554, 108408, 405002, 607038, 0, 393091, 848684, 591444, 307758, 777476, 846647, 426125],
            [846975, 499353, 218923, 672901, 393091, 0, 755368, 544248, 287967, 847491, 868841, 228036],
            [545984, 970528, 628753, 367893, 848684, 755368, 0, 328338, 601210, 247758, 62653, 646142],
            [39117, 724100, 388736, 67926, 591444, 544248, 328338, 0, 340144, 81143, 242489, 493982],
            [451700, 314987, 219226, 341907, 307758, 287967, 601210, 340144, 0, 452308, 564961, 194456],
            [119899, 898977, 605920, 21063, 777476, 847491, 247758, 81143, 452308, 0, 225870, 638901],
            [336732, 980123, 650996, 265194, 846647, 868841, 62653, 242489, 564961, 225870, 0, 548917],
            [659427, 526211, 202602, 503838, 426125, 228036, 646142, 493982, 194456, 638901, 548917, 0]
        ]
    },

    # Lipa instances
    "lipa20a": {
        "flow_matrix": [
            [0, 4, 1, 3, 1, 2, 3, 1, 4, 2, 1, 4, 3, 2, 1, 1, 3, 1, 3, 2],
            [4, 0, 4, 1, 3, 1, 1, 3, 2, 4, 3, 1, 1, 2, 2, 3, 4, 1, 3, 2],
            [1, 4, 0, 3, 1, 4, 2, 4, 1, 1, 1, 3, 2, 4, 1, 3, 4, 2, 2, 3],
            [3, 1, 3, 0, 2, 4, 3, 4, 1, 2, 3, 2, 1, 1, 4, 1, 1, 3, 4, 2],
            [1, 3, 1, 2, 0, 1, 4, 2, 2, 3, 4, 3, 3, 1, 4, 2, 1, 3, 4, 1],
            [2, 1, 4, 4, 1, 0, 2, 3, 1, 4, 2, 1, 3, 4, 3, 2, 1, 3, 1, 4],
            [3, 1, 2, 3, 4, 2, 0, 1, 4, 3, 2, 3, 4, 1, 1, 2, 1, 3, 4, 2],
            [1, 3, 4, 4, 2, 3, 1, 0, 2, 1, 3, 2, 1, 4, 3, 2, 3, 1, 4, 1],
            [4, 2, 1, 1, 2, 1, 4, 2, 0, 3, 1, 4, 3, 2, 1, 4, 2, 3, 1, 3],
            [2, 4, 1, 2, 3, 4, 3, 1, 3, 0, 2, 1, 4, 1, 3, 2, 4, 1, 3, 2],
            [1, 3, 1, 3, 4, 2, 2, 3, 1, 2, 0, 3, 1, 4, 2, 1, 3, 4, 2, 1],
            [4, 1, 3, 2, 3, 1, 3, 2, 4, 1, 3, 0, 2, 1, 4, 3, 1, 2, 4, 3],
            [3, 1, 2, 1, 3, 3, 4, 1, 3, 4, 1, 2, 0, 3, 2, 1, 4, 2, 1, 3],
            [2, 2, 4, 1, 1, 4, 1, 4, 2, 1, 4, 1, 3, 0, 3, 2, 1, 3, 2, 4],
            [1, 2, 1, 4, 4, 3, 1, 3, 1, 3, 2, 4, 2, 3, 0, 1, 3, 4, 1, 2],
            [1, 3, 3, 1, 2, 2, 2, 2, 4, 2, 1, 3, 1, 2, 1, 0, 4, 3, 4, 3],
            [3, 4, 4, 1, 1, 1, 1, 3, 2, 4, 3, 1, 4, 1, 3, 4, 0, 2, 2, 3],
            [1, 1, 2, 3, 3, 3, 3, 1, 3, 1, 4, 2, 2, 3, 4, 3, 2, 0, 1, 4],
            [3, 3, 2, 4, 4, 1, 4, 4, 1, 3, 2, 4, 1, 2, 1, 4, 2, 1, 0, 3],
            [2, 2, 3, 2, 1, 4, 2, 1, 3, 2, 1, 3, 3, 4, 2, 3, 3, 4, 3, 0]
        ],
        "distance_matrix": [
            [0, 15, 16, 13, 12, 16, 15, 10, 12, 14, 16, 15, 10, 14, 16, 13, 13, 11, 12, 11],
            [15, 0, 13, 16, 11, 14, 13, 15, 10, 11, 15, 13, 11, 10, 13, 15, 14, 16, 16, 12],
            [16, 13, 0, 11, 16, 14, 12, 13, 16, 13, 14, 14, 14, 12, 10, 10, 15, 11, 13, 15],
            [13, 16, 11, 0, 15, 15, 13, 14, 11, 14, 13, 11, 15, 16, 12, 11, 10, 10, 16, 12],
            [12, 11, 16, 15, 0, 11, 11, 13, 14, 15, 16, 16, 12, 13, 15, 14, 10, 13, 10, 14],
            [16, 14, 14, 15, 11, 0, 16, 11, 15, 10, 10, 12, 13, 11, 14, 16, 12, 14, 15, 13],
            [15, 13, 12, 13, 11, 16, 0, 16, 13, 16, 12, 10, 14, 15, 11, 12, 11, 12, 14, 10],
            [10, 15, 13, 14, 13, 11, 16, 0, 11, 12, 15, 14, 16, 14, 13, 10, 16, 15, 11, 12],
            [12, 10, 16, 11, 14, 15, 13, 11, 0, 13, 11, 10, 15, 12, 12, 15, 14, 14, 13, 16],
            [14, 11, 13, 14, 15, 10, 16, 12, 13, 0, 13, 15, 10, 16, 11, 14, 15, 16, 12, 11],
            [16, 15, 14, 13, 16, 10, 12, 15, 11, 13, 0, 11, 12, 15, 16, 12, 13, 10, 14, 14],
            [15, 13, 14, 11, 16, 12, 10, 14, 10, 15, 11, 0, 14, 13, 10, 13, 12, 12, 15, 16],
            [10, 11, 14, 15, 12, 13, 14, 16, 15, 10, 12, 14, 0, 11, 14, 11, 16, 13, 16, 15],
            [14, 10, 12, 16, 13, 11, 15, 14, 12, 16, 15, 13, 11, 0, 13, 16, 15, 11, 12, 10],
            [16, 13, 10, 12, 15, 14, 11, 13, 12, 11, 16, 10, 14, 13, 0, 15, 10, 15, 11, 14],
            [13, 15, 10, 11, 14, 16, 12, 10, 15, 14, 12, 13, 11, 16, 15, 0, 14, 12, 16, 13],
            [13, 14, 15, 10, 10, 12, 11, 16, 14, 15, 13, 12, 16, 15, 10, 14, 0, 13, 14, 11],
            [11, 16, 11, 10, 13, 14, 12, 15, 14, 16, 10, 12, 13, 11, 15, 12, 13, 0, 10, 15],
            [12, 16, 13, 16, 10, 15, 14, 11, 13, 12, 14, 15, 16, 12, 11, 16, 14, 10, 0, 11],
            [11, 12, 15, 12, 14, 13, 10, 12, 16, 11, 14, 16, 15, 10, 14, 13, 11, 15, 11, 0]
        ]
    },

    # Burkard instances
    "bur26a": {
        "flow_matrix": [[0] * 26 for _ in range(26)],  # Simplified for space
        "distance_matrix": [[0] * 26 for _ in range(26)]
    },

    # Wil instance
    "wil50": {
        "flow_matrix": [[0] * 50 for _ in range(50)],  # Simplified for space
        "distance_matrix": [[0] * 50 for _ in range(50)]
    },

    "lipa20b": {
        "flow_matrix": [
            [0, 1, 2, 3, 4, 5, 6, 7, 8, 9, 10, 11, 12, 13, 14, 15, 16, 17, 18, 19],
            [1, 0, 1, 2, 3, 4, 5, 6, 7, 8, 9, 10, 11, 12, 13, 14, 15, 16, 17, 18],
            [2, 1, 0, 1, 2, 3, 4, 5, 6, 7, 8, 9, 10, 11, 12, 13, 14, 15, 16, 17],
            [3, 2, 1, 0, 1, 2, 3, 4, 5, 6, 7, 8, 9, 10, 11, 12, 13, 14, 15, 16],
            [4, 3, 2, 1, 0, 1, 2, 3, 4, 5, 6, 7, 8, 9, 10, 11, 12, 13, 14, 15],
            [5, 4, 3, 2, 1, 0, 1, 2, 3, 4, 5, 6, 7, 8, 9, 10, 11, 12, 13, 14],
            [6, 5, 4, 3, 2, 1, 0, 1, 2, 3, 4, 5, 6, 7, 8, 9, 10, 11, 12, 13],
            [7, 6, 5, 4, 3, 2, 1, 0, 1, 2, 3, 4, 5, 6, 7, 8, 9, 10, 11, 12],
            [8, 7, 6, 5, 4, 3, 2, 1, 0, 1, 2, 3, 4, 5, 6, 7, 8, 9, 10, 11],
            [9, 8, 7, 6, 5, 4, 3, 2, 1, 0, 1, 2, 3, 4, 5, 6, 7, 8, 9, 10],
            [10, 9, 8, 7, 6, 5, 4, 3, 2, 1, 0, 1, 2, 3, 4, 5, 6, 7, 8, 9],
            [11, 10, 9, 8, 7, 6, 5, 4, 3, 2, 1, 0, 1, 2, 3, 4, 5, 6, 7, 8],
            [12, 11, 10, 9, 8, 7, 6, 5, 4, 3, 2, 1, 0, 1, 2, 3, 4, 5, 6, 7],
            [13, 12, 11, 10, 9, 8, 7, 6, 5, 4, 3, 2, 1, 0, 1, 2, 3, 4, 5, 6],
            [14, 13, 12, 11, 10, 9, 8, 7, 6, 5, 4, 3, 2, 1, 0, 1, 2, 3, 4, 5],
            [15, 14, 13, 12, 11, 10, 9, 8, 7, 6, 5, 4, 3, 2, 1, 0, 1, 2, 3, 4],
            [16, 15, 14, 13, 12, 11, 10, 9, 8, 7, 6, 5, 4, 3, 2, 1, 0, 1, 2, 3],
            [17, 16, 15, 14, 13, 12, 11, 10, 9, 8, 7, 6, 5, 4, 3, 2, 1, 0, 1, 2],
            [18, 17, 16, 15, 14, 13, 12, 11, 10, 9, 8, 7, 6, 5, 4, 3, 2, 1, 0, 1],
            [19, 18, 17, 16, 15, 14, 13, 12, 11, 10, 9, 8, 7, 6, 5, 4, 3, 2, 1, 0]
        ],
        "distance_matrix": [
            [0, 100, 100, 100, 100, 100, 100, 100, 100, 100, 100, 100, 100, 100, 100, 100, 100, 100, 100, 100],
            [100, 0, 100, 100, 100, 100, 100, 100, 100, 100, 100, 100, 100, 100, 100, 100, 100, 100, 100, 100],
            [100, 100, 0, 100, 100, 100, 100, 100, 100, 100, 100, 100, 100, 100, 100, 100, 100, 100, 100, 100],
            [100, 100, 100, 0, 100, 100, 100, 100, 100, 100, 100, 100, 100, 100, 100, 100, 100, 100, 100, 100],
            [100, 100, 100, 100, 0, 100, 100, 100, 100, 100, 100, 100, 100, 100, 100, 100, 100, 100, 100, 100],
            [100, 100, 100, 100, 100, 0, 100, 100, 100, 100, 100, 100, 100, 100, 100, 100, 100, 100, 100, 100],
            [100, 100, 100, 100, 100, 100, 0, 100, 100, 100, 100, 100, 100, 100, 100, 100, 100, 100, 100, 100],
            [100, 100, 100, 100, 100, 100, 100, 0, 100, 100, 100, 100, 100, 100, 100, 100, 100, 100, 100, 100],
            [100, 100, 100, 100, 100, 100, 100, 100, 0, 100, 100, 100, 100, 100, 100, 100, 100, 100, 100, 100],
            [100, 100, 100, 100, 100, 100, 100, 100, 100, 0, 100, 100, 100, 100, 100, 100, 100, 100, 100, 100],
            [100, 100, 100, 100, 100, 100, 100, 100, 100, 100, 0, 100, 100, 100, 100, 100, 100, 100, 100, 100],
            [100, 100, 100, 100, 100, 100, 100, 100, 100, 100, 100, 0, 100, 100, 100, 100, 100, 100, 100, 100],
            [100, 100, 100, 100, 100, 100, 100, 100, 100, 100, 100, 100, 0, 100, 100, 100, 100, 100, 100, 100],
            [100, 100, 100, 100, 100, 100, 100, 100, 100, 100, 100, 100, 100, 0, 100, 100, 100, 100, 100, 100],
            [100, 100, 100, 100, 100, 100, 100, 100, 100, 100, 100, 100, 100, 100, 0, 100, 100, 100, 100, 100],
            [100, 100, 100, 100, 100, 100, 100, 100, 100, 100, 100, 100, 100, 100, 100, 0, 100, 100, 100, 100],
            [100, 100, 100, 100, 100, 100, 100, 100, 100, 100, 100, 100, 100, 100, 100, 100, 0, 100, 100, 100],
            [100, 100, 100, 100, 100, 100, 100, 100, 100, 100, 100, 100, 100, 100, 100, 100, 100, 0, 100, 100],
            [100, 100, 100, 100, 100, 100, 100, 100, 100, 100, 100, 100, 100, 100, 100, 100, 100, 100, 0, 100],
            [100, 100, 100, 100, 100, 100, 100, 100, 100, 100, 100, 100, 100, 100, 100, 100, 100, 100, 100, 0]
        ]
    }
}